[rec_basis]
ax = 0.00906475
ay = -0.04583905
az = -0.00082416
bx = 0.03227241
by = 0.00576972
bz = 0.00194436
cx = 0.0016247
cy = 0.00172209
cz = -0.02941539

