[rec_basis]
ax = 0.007974754403658864
ay = -0.042915826034488715
az = -0.0015300446955215455
bx = 0.030144796310737285
by = 0.006548873405855143
bz = 0.0018221064367920851
cx = 0.0024536139992514154
cy = 0.0006792519791780536
cz = -0.026865281834549955

