[rec_basis]
ax = 0.00889941
ay = -0.04500298
az = -0.00080913
bx = 0.03149209
by = 0.00563021
bz = 0.00189735
cx = 0.00157608
cy = 0.00167056
cz = -0.02853517

