[rec_basis]
a_rec = [0.007974754403658864 -0.042915826034488715 -0.0015300446955215455]
b_rec = [0.030144796310737285 0.006548873405855143 0.0018221064367920851]
c_rec = [0.0024536139992514154 0.0006792519791780536 -0.026865281834549955]
