[rec_basis]
a_rec = [ 0.00822553 -0.04392742 -0.00112285]
b_rec = [0.03024139 0.00603186 0.00214177]
c_rec = [ 0.00255398  0.00087035 -0.02748237]

