[rec_basis]
a_rec = [0.00889941 -0.04500298 -0.00080913]
b_rec = [0.03149209 0.00563021 0.00189735]
c_rec = [0.00157608 0.00167056 -0.02853517]
