[exp_geom]
pix_size = 75 * 1e-3 #mm
sample_pos = 119.27333163 131.87979123 105.91419768 #mm
focus_z = 129.1 #mm
pupil_bounds = 1515 1675 1557 1748 #pixels
beam_pos = 1601 1766 #pixels
rot_axis = 0. 1. 0.
theta_min = 0 #degrees
theta_max = 101 #degrees