[rec_basis]
a_rec = [0.00906475 -0.04583905 -0.00082416]
b_rec = [0.03227241 0.00576972 0.00194436]
c_rec = [0.0016247 0.00172209 -0.02941539]
