[exp_geom]
pix_size = 75 * 1e-3
sample_pos = 119.27333163 131.87979123 105.91419768
focus_z = 129.1
pupil_bounds = 1515 1675 1557 1748
beam_pos = 1601 1766
rot_axis = 0. 1. 0.
theta_min = 0
theta_max = 101