[config]
mode = rot
out_path = b12_index_rot.h5
scan_num = 135
pop_size = 50
n_islands = 64
gen_number = 3000
pos_tol = 0.02 0.02 0.075
size_tol = 0.01
ang_tol = 0.1
rec_basis = 0.00889941 -0.04500298 -0.00080913 0.03149209 0.00563021 0.00189735 0.00157608 0.00167056 -0.02853517