[config]
mode = rot
out_path = b12_index_rot.h5
scan_num = 135
pop_size = 50
n_islands = 64
gen_number = 3000
pos_tol = 0.02 0.02 0.075
size_tol = 0.01
ang_tol = 0.1
rec_basis = 0.00782324 -0.0447452 -0.00157218 0.03194464 0.0056775 0.00182683 0.00151744 0.00125846 -0.02858055